0 0 72.202675793
0 1 -37.3851566661
0 80 -34.8175191268
1 0 -37.3851566661
1 1 115.724654896
1 2 -40.6386381743
1 81 -37.7008600551
2 1 -40.6386381743
2 2 126.599328675
2 3 -44.5610847972
2 82 -41.3996057032
3 2 -44.5610847972
3 3 139.286988547
3 4 -48.9440941176
3 83 -45.7818096324
4 3 -48.9440941176
4 4 152.873826794
4 5 -53.4180321497
4 84 -50.5117005263
5 4 -53.4180321497
5 5 166.025474648
5 6 -57.5218990977
5 85 -55.0855434011
6 5 -57.5218990977
6 6 177.322195651
6 7 -60.8426200842
6 86 -58.9576764694
7 6 -60.8426200842
7 7 185.750815607
7 8 -63.1736923644
7 87 -61.7345031584
8 7 -63.1736923644
8 8 191.123827295
8 9 -64.6072367675
8 88 -63.3428981636
9 8 -64.6072367675
9 9 194.187774203
9 10 -65.5067947516
9 89 -64.073742684
10 9 -65.5067947516
10 10 196.369239405
10 11 -66.3823130332
10 90 -64.4801316201
11 10 -66.3823130332
11 11 199.319100848
11 12 -67.7396533834
11 91 -65.1971344315
12 11 -67.7396533834
12 12 204.477051623
12 13 -69.9582785734
12 92 -66.7791196659
13 12 -69.9582785734
13 13 212.748567069
13 14 -73.2055132142
13 93 -69.5847752812
14 13 -73.2055132142
14 14 224.275788257
14 15 -77.3723589908
14 94 -73.6979160519
15 14 -77.3723589908
15 15 238.259113596
15 16 -82.0298966887
15 95 -78.8568579163
16 15 -82.0298966887
16 16 252.888728184
16 17 -86.4468712098
16 96 -84.4119602851
17 16 -86.4468712098
17 17 265.565474897
17 18 -89.7302837213
17 97 -89.3883199659
18 17 -89.7302837213
18 18 273.549601712
18 19 -91.097636079
18 98 -92.7216819118
19 18 -91.097636079
19 19 274.909820117
19 20 -90.1790554247
19 99 -93.6331286133
20 19 -90.1790554247
20 20 269.304099955
20 21 -87.169619209
20 100 -91.9554253209
21 20 -87.169619209
21 21 258.085377315
21 22 -82.7246186573
21 101 -88.191139449
22 21 -82.7246186573
22 22 243.658993158
22 23 -77.6718661711
22 102 -83.26250833
23 22 -77.6718661711
23 23 228.514933745
23 24 -72.7162559798
23 103 -78.126811594
24 23 -72.7162559798
24 24 214.454547568
24 25 -68.2677990805
24 104 -73.4704925078
25 24 -68.2677990805
25 25 202.261998096
25 26 -64.4122225121
25 105 -69.581976503
26 25 -64.4122225121
26 26 191.762011989
26 27 -60.9765450431
26 106 -66.3732444339
27 26 -60.9765450431
27 27 182.109869032
27 28 -57.6458206128
27 107 -63.4875033763
28 27 -57.6458206128
28 28 172.211057573
28 29 -54.107827077
28 108 -60.4574098835
29 28 -54.107827077
29 29 161.203140608
29 30 -50.1968090088
29 109 -56.8985045226
30 29 -50.1968090088
30 30 148.862211767
30 31 -45.9813186783
30 110 -52.6840840798
31 30 -45.9813186783
31 31 135.747534191
31 32 -41.7486487542
31 111 -48.0175667582
32 31 -41.7486487542
32 32 123.00028191
32 33 -37.8951028004
32 112 -43.3565303556
33 32 -37.8951028004
33 33 111.921158999
33 34 -34.7926370337
33 113 -39.2334191647
34 33 -34.7926370337
34 34 103.59102001
34 35 -32.7060751606
34 114 -36.0923078155
35 34 -32.7060751606
35 35 98.7008210689
35 36 -31.778779244
35 115 -34.2159666643
36 35 -31.778779244
36 36 97.5653885389
36 37 -32.0512963845
36 116 -33.7353129105
37 36 -32.0512963845
37 37 100.171462907
37 38 -33.4640310127
37 117 -34.6561355094
38 37 -33.4640310127
38 38 106.12109355
38 39 -35.8141812267
38 118 -36.842881311
39 38 -35.8141812267
39 39 114.431844285
39 40 -38.6784620713
39 119 -39.9392009866
40 39 -38.6784620713
40 40 123.323899636
40 41 -41.3695500233
40 120 -43.2758875419
41 40 -41.3695500233
41 41 130.291624809
41 42 -43.0344641401
41 121 -45.8876106461
42 41 -43.0344641401
42 42 132.746876897
42 43 -42.946823845
42 122 -46.7655889118
43 42 -42.946823845
43 43 129.107323314
43 44 -40.8602351066
43 123 -45.3002643622
44 43 -40.8602351066
44 44 119.634900489
44 45 -37.1524496188
44 124 -41.6222157632
45 44 -37.1524496188
45 45 106.316656875
45 46 -32.6233861565
45 125 -36.5408210992
46 45 -32.6233861565
46 46 91.8533267024
46 47 -28.1122386855
46 126 -31.1177018604
47 46 -28.1122386855
47 47 78.542063602
47 48 -24.2122210375
47 127 -26.217603879
48 47 -24.2122210375
48 48 67.7257733849
48 49 -21.2040122553
48 128 -22.309540092
49 48 -21.2040122553
49 49 59.8614537932
49 50 -19.1383989757
49 129 -19.5190425622
50 49 -19.1383989757
50 50 54.8688219953
50 51 -17.9514000117
50 130 -17.7790230079
51 50 -17.9514000117
51 51 52.4567078773
51 52 -17.5471299647
51 131 -16.9581779009
52 51 -17.5471299647
52 52 52.3154339721
52 53 -17.8374531099
52 132 -16.9308508975
53 52 -17.8374531099
53 53 54.1875040737
53 54 -18.7508617019
53 133 -17.5991892619
54 53 -18.7508617019
54 54 57.8658016711
54 55 -20.2249782314
54 134 -18.8899617379
55 54 -20.2249782314
55 55 63.1557622518
55 56 -22.1909409369
55 135 -20.7398430836
56 55 -22.1909409369
56 56 69.8210549307
56 57 -24.553616774
56 136 -23.0764972198
57 56 -24.553616774
57 57 77.5182806842
57 58 -27.1699042729
57 137 -25.7947596373
58 57 -27.1699042729
58 58 85.7289625682
58 59 -29.8294497204
58 138 -28.7296085749
59 58 -29.8294497204
59 59 93.7100617413
59 60 -32.2492583362
59 139 -31.6313536848
60 59 -32.2492583362
60 60 100.510660936
60 61 -34.0998273715
60 140 -34.1615752282
61 60 -34.0998273715
61 61 105.110895969
61 62 -35.0754721541
61 141 -35.9355964435
62 61 -35.0754721541
62 62 106.695054666
62 63 -34.9965174968
62 142 -36.6230650149
63 62 -34.9965174968
63 63 104.972458463
63 64 -33.8973425957
63 143 -36.0785983701
64 63 -33.8973425957
64 64 100.371358126
64 65 -32.0426204899
64 144 -34.4313950409
65 64 -32.0426204899
65 65 93.9642277553
65 66 -29.8534866911
65 145 -32.0681205743
66 65 -29.8534866911
66 66 87.1515638273
66 67 -27.786173057
66 146 -29.5119040792
67 66 -27.786173057
67 67 81.2941194184
67 68 -26.2342328029
67 147 -27.2737135586
68 67 -26.2342328029
68 68 77.4919273157
68 69 -25.497117655
68 148 -25.7605768578
69 68 -25.497117655
69 69 76.5754604264
69 70 -25.8073122249
69 149 -25.2710305464
70 69 -25.8073122249
70 70 79.2369889041
70 71 -27.3811686084
70 150 -26.0485080707
71 70 -27.3811686084
71 71 86.1848311557
71 72 -30.4573420946
71 151 -28.3463204527
72 71 -30.4573420946
72 72 98.207163776
72 73 -35.2904976698
72 152 -32.4593240115
73 72 -35.2904976698
73 73 116.044425388
73 74 -42.0709784064
73 153 -38.6829493121
74 73 -42.0709784064
74 74 139.988092218
74 75 -50.7526872765
74 154 -47.1644265351
75 74 -50.7526872765
75 75 169.21493221
75 76 -60.8205820108
75 155 -57.6416629223
76 75 -60.8205820108
76 76 201.113198294
76 77 -71.1293675532
76 156 -69.1632487295
77 76 -71.1293675532
77 77 231.169151991
77 78 -80.0211181642
77 157 -80.0186662739
78 77 -80.0211181642
78 78 253.988653813
78 79 -85.8461459759
78 158 -88.1213896726
79 78 -85.8461459759
79 79 177.690963047
79 159 -91.8448170709
80 0 -34.8175191268
80 80 102.281598425
80 81 -35.0911875373
80 160 -32.3728917607
81 1 -37.7008600551
81 80 -35.0911875373
81 81 146.251662652
81 82 -38.3548978762
81 161 -35.1047171836
82 2 -41.3996057032
82 81 -38.3548978762
82 82 160.998565198
82 83 -42.4512174407
82 162 -38.7928441776
83 3 -45.7818096324
83 82 -42.4512174407
83 83 178.701463927
83 84 -47.1505609975
83 163 -43.3178758562
84 4 -50.5117005263
84 83 -47.1505609975
84 84 197.967499003
84 85 -52.0001702494
84 164 -48.3050672298
85 5 -55.0855434011
85 84 -52.0001702494
85 85 216.634442297
85 86 -56.4008804424
85 165 -53.1478482042
86 6 -58.9576764694
86 85 -56.4008804424
86 86 232.308464278
86 87 -59.7947731878
86 166 -57.1551341784
87 7 -61.7345031584
87 86 -59.7947731878
87 87 243.234457824
87 88 -61.896077404
87 167 -59.8091040737
88 8 -63.3428981636
88 87 -61.896077404
88 88 249.072156488
88 89 -62.8299974306
88 168 -61.0031834901
89 9 -64.073742684
89 88 -62.8299974306
89 89 251.100972959
89 90 -63.0911706932
89 169 -61.1060621508
90 10 -64.4801316201
90 89 -63.0911706932
90 90 251.751097441
90 91 -63.3613299331
90 170 -60.8184651943
91 11 -65.1971344315
91 90 -63.3613299331
91 91 253.79913156
91 92 -64.3068784678
91 171 -60.9337887273
92 12 -66.7791196659
92 91 -64.3068784678
92 92 259.666141379
92 93 -66.4387091513
92 172 -62.1414340939
93 13 -69.5847752812
93 92 -66.4387091513
93 93 270.96832571
93 94 -70.0295263166
93 173 -64.9153149604
94 14 -73.6979160519
94 93 -70.0295263166
94 94 288.218600904
94 95 -75.0435380865
94 174 -69.4476204492
95 15 -78.8568579163
95 94 -75.0435380865
95 95 310.5182633
95 96 -81.0557322163
95 175 -75.5621350813
96 16 -84.4119602851
96 95 -81.0557322163
96 96 335.299058584
96 97 -87.2143142418
96 176 -82.6170518403
97 17 -89.3883199659
97 96 -87.2143142418
97 97 358.45545242
97 98 -92.3565839372
97 177 -89.4962342745
98 18 -92.7216819118
98 97 -92.3565839372
98 98 375.258980279
98 99 -95.3496874017
98 178 -94.8310270281
99 19 -93.6331286133
99 98 -95.3496874017
99 99 382.01168181
99 100 -95.549628973
99 179 -97.4792368216
100 20 -91.9554253209
100 99 -95.549628973
100 100 377.627016118
100 101 -93.0929240034
100 180 -97.0290378207
101 21 -88.191139449
101 100 -93.0929240034
101 101 364.06725432
101 102 -88.8027292146
101 181 -93.9804616532
102 22 -83.26250833
102 101 -88.8027292146
102 102 345.314457969
102 103 -83.7855230775
102 182 -89.4636973469
103 23 -78.126811594
103 102 -83.7855230775
103 103 325.631125152
103 104 -78.998136338
103 183 -84.7206541425
104 24 -73.4704925078
104 103 -78.998136338
104 104 308.135345391
104 105 -74.9948460644
104 184 -80.6718704804
105 25 -69.581976503
105 104 -74.9948460644
105 105 294.176368892
105 106 -71.876021366
105 185 -77.723524959
106 26 -66.3732444339
106 105 -71.876021366
106 106 283.374310846
106 107 -69.3592159896
106 186 -75.765829056
107 27 -63.4875033763
107 106 -69.3592159896
107 107 274.034906881
107 108 -66.9147438916
107 187 -74.2734436235
108 28 -60.4574098835
108 107 -66.9147438916
108 108 263.817525616
108 109 -63.9627089999
108 188 -72.4826628406
109 29 -56.8985045226
109 108 -63.9627089999
109 109 250.642385553
109 110 -60.1155402114
109 189 -69.6656318191
110 30 -52.6840840798
110 109 -60.1155402114
110 110 233.625995438
110 111 -55.3746233569
110 190 -65.4517477901
111 31 -48.0175667582
111 110 -55.3746233569
111 111 213.581000971
111 112 -50.1569489751
111 191 -60.0318618806
112 32 -43.3565303556
112 111 -50.1569489751
112 112 192.725205022
112 113 -45.117361683
112 192 -54.0943640078
113 33 -39.2334191647
113 112 -45.117361683
113 113 173.767970907
113 114 -40.8939485325
113 193 -48.523241527
114 34 -36.0923078155
114 113 -40.8939485325
114 114 159.005502407
114 115 -37.9398696566
114 194 -44.0793764021
115 35 -34.2159666643
115 114 -37.9398696566
115 115 149.895324476
115 116 -36.4948705788
115 195 -41.2446175766
116 36 -33.7353129105
116 115 -36.4948705788
116 116 147.099429286
116 117 -36.6334413899
116 196 -40.2358044068
117 37 -34.6561355094
117 116 -36.6334413899
117 117 150.652994967
117 118 -38.2930880412
117 197 -41.0703300269
118 38 -36.842881311
118 117 -38.2930880412
118 118 159.928049779
118 119 -41.2227623149
118 198 -43.5693181115
119 39 -39.9392009866
119 118 -41.2227623149
119 119 173.277378292
119 120 -44.8602867537
119 199 -47.2551282369
120 40 -43.2758875419
120 119 -44.8602867537
120 120 187.594470967
120 121 -48.2449398049
120 200 -51.2133568669
121 41 -45.8876106461
121 120 -48.2449398049
121 121 198.398983984
121 122 -50.1544026453
121 201 -54.1120308881
122 42 -46.7655889118
122 121 -50.1544026453
122 122 201.075075708
122 123 -49.5698295042
122 202 -54.585254647
123 43 -45.3002643622
123 122 -49.5698295042
123 123 193.010910803
123 124 -46.2387435593
123 203 -51.9020733768
124 44 -41.6222157632
124 123 -46.2387435593
124 124 175.149978231
124 125 -40.8560832421
124 204 -46.4329356662
125 45 -36.5408210992
125 124 -40.8560832421
125 125 151.511872624
125 126 -34.6622303695
125 205 -39.4527379134
126 46 -31.1177018604
126 125 -34.6622303695
126 126 127.02473099
126 127 -28.8129099548
126 206 -32.4318888052
127 47 -26.217603879
127 126 -28.8129099548
127 127 105.443600448
127 128 -24.0011169617
127 207 -26.4119696527
128 48 -22.309540092
128 127 -24.0011169617
128 128 88.5929073291
128 129 -20.4519853291
128 208 -21.8302649463
129 49 -19.5190425622
129 128 -20.4519853291
129 129 76.7657121002
129 130 -18.1070503176
129 209 -18.6876338913
130 50 -17.7790230079
130 129 -18.1070503176
130 130 69.4825102417
130 131 -16.8042661251
130 210 -16.7921707911
131 51 -16.9581779009
131 130 -16.8042661251
131 131 66.0682942063
131 132 -16.3818948333
131 211 -15.923955347
132 52 -16.9308508975
132 131 -16.3818948333
132 132 65.9345432935
132 133 -16.716045605
132 212 -15.9057519578
133 53 -17.5991892619
133 132 -16.716045605
133 133 68.6519890609
133 134 -17.7216712625
133 213 -16.6150829315
134 54 -18.8899617379
134 133 -17.7216712625
134 134 73.9226595055
134 135 -19.3383457463
134 214 -17.9726807588
135 55 -20.7398430836
135 134 -19.3383457463
135 135 81.5138132109
135 136 -21.5113571346
135 215 -19.9242672464
136 56 -23.0764972198
136 135 -21.5113571346
136 136 91.1796037116
136 137 -24.1694765492
136 216 -22.4222728079
137 57 -25.7947596373
137 136 -24.1694765492
137 137 102.562231599
137 138 -27.196504683
137 217 -25.4014907292
138 58 -28.7296085749
138 137 -27.196504683
138 138 115.066825546
138 139 -30.3973716865
138 218 -28.7433406014
139 59 -31.6313536848
139 138 -30.3973716865
139 139 127.726703444
139 140 -33.4690037091
139 219 -32.2289743639
140 60 -34.1615752282
140 139 -33.4690037091
140 140 139.135669232
140 141 -36.0041783543
140 220 -35.5009119402
141 61 -35.9355964435
141 140 -36.0041783543
141 141 147.577756995
141 142 -37.5617798463
141 221 -38.0762023513
142 62 -36.6230650149
142 141 -37.5617798463
142 142 151.447185316
142 143 -37.8097733579
142 222 -39.4525670973
143 63 -36.0785983701
143 142 -37.8097733579
143 143 149.872308483
143 144 -36.6842075292
143 223 -39.2997292259
144 64 -34.4313950409
144 143 -36.6842075292
144 144 143.217262678
144 145 -34.4608406519
144 224 -37.6408194565
145 65 -32.0681205743
145 144 -34.4608406519
145 145 133.09521796
145 146 -31.6743129013
145 225 -34.8919438325
146 66 -29.5119040792
146 145 -31.6743129013
146 146 121.836962216
146 147 -28.9344740586
146 226 -31.7162711765
147 67 -27.2737135586
147 146 -28.9344740586
147 147 111.765025777
147 148 -26.7621445487
147 227 -28.7946936108
148 68 -25.7605768578
148 147 -26.7621445487
148 148 104.71603155
148 149 -25.5298144819
148 228 -26.6634956618
149 69 -25.2710305464
149 148 -25.5298144819
149 149 101.992933685
149 150 -25.5022614305
149 229 -25.6898272258
150 70 -26.0485080707
150 149 -25.5022614305
150 150 104.618996311
150 151 -26.9205010032
150 230 -26.147725807
151 71 -28.3463204527
151 150 -26.9205010032
151 151 113.660395022
151 152 -30.0725376871
151 231 -28.3210358786
152 72 -32.4593240115
152 151 -30.0725376871
152 152 130.407550854
152 153 -35.3073282441
152 232 -32.5683609113
153 73 -38.6829493121
153 152 -35.3073282441
153 153 156.235591987
153 154 -42.9474880466
153 233 -39.2978263844
154 74 -47.1644265351
154 153 -42.9474880466
154 154 191.961154907
154 155 -53.0571732135
154 234 -48.7920671122
155 75 -57.6416629223
155 154 -53.0571732135
155 155 236.632784213
155 156 -65.0816850681
155 235 -60.8522630094
156 76 -69.1632487295
156 155 -65.0816850681
156 156 286.142611245
156 157 -77.5389795389
156 236 -74.3586979082
157 77 -80.0186662739
157 156 -77.5389795389
157 157 332.762875717
157 158 -88.118416274
157 237 -87.0868136307
158 78 -88.1213896726
158 157 -88.118416274
158 158 366.897186664
158 159 -94.4539768896
158 238 -96.203403828
159 79 -91.8448170709
159 158 -94.4539768896
159 159 285.813281357
159 239 -99.5144873968
160 80 -32.3728917607
160 160 94.4383720124
160 161 -32.3844061346
160 240 -29.6810741172
161 81 -35.1047171836
161 160 -32.3844061346
161 161 135.082535965
161 162 -35.4712308282
161 241 -32.1221818185
162 82 -38.7928441776
162 161 -35.4712308282
162 162 149.389190359
162 163 -39.5152936734
162 242 -35.6098216799
163 83 -43.3178758562
163 162 -39.5152936734
163 163 167.174364424
163 164 -44.2903841778
163 243 -40.0508107162
164 84 -48.3050672298
164 163 -44.2903841778
164 164 186.951363278
164 165 -49.2938828252
164 244 -45.0620290454
165 85 -53.1478482042
165 164 -49.2938828252
165 165 206.231345871
165 166 -53.8170887185
165 245 -49.9725261231
166 86 -57.1551341784
166 165 -53.8170887185
166 166 222.115801443
166 167 -57.1682275802
166 246 -53.9753509662
167 87 -59.8091040737
167 166 -57.1682275802
167 167 232.389111494
167 168 -58.9750014386
167 247 -56.4367784016
168 88 -61.0031834901
168 167 -58.9750014386
168 168 236.557372891
168 169 -59.3767418643
168 248 -57.2024460978
169 89 -61.1060621508
169 168 -59.3767418643
169 169 236.14453893
169 170 -58.971704958
169 249 -56.6900299568
170 90 -60.8184651943
170 169 -58.971704958
170 170 234.077369948
170 171 -58.5784176512
170 250 -55.7087821442
171 91 -60.9337887273
171 170 -58.5784176512
171 171 233.662817085
171 172 -58.9861145611
171 251 -55.1644961454
172 92 -62.1414340939
172 171 -58.9861145611
172 172 237.770899652
172 173 -60.8067544524
172 252 -55.8365965451
173 93 -64.9153149604
173 172 -60.8067544524
173 173 248.42017228
173 174 -64.414994435
173 253 -58.2831084317
174 94 -69.4476204492
174 173 -64.414994435
174 174 266.559753406
174 175 -69.891529899
174 254 -62.8056086227
175 95 -75.5621350813
175 174 -69.891529899
175 175 291.743247506
175 176 -76.9172189835
175 255 -69.3723635426
176 96 -82.6170518403
176 175 -76.9172189835
176 176 321.672452589
176 177 -84.6619218467
176 256 -77.476259918
177 97 -89.4962342745
177 176 -84.6619218467
177 177 352.003395963
177 178 -91.8178538353
177 257 -86.0273860062
178 98 -94.8310270281
178 177 -91.8178538353
178 178 377.072505678
178 179 -96.937215958
178 258 -93.486408857
179 99 -97.4792368216
179 178 -96.937215958
179 179 391.800425286
179 180 -99.019483421
179 259 -98.3644890854
180 100 -97.0290378207
180 179 -99.019483421
180 180 393.936057524
180 181 -97.9936039207
180 260 -99.8939323613
181 101 -93.9804616532
181 180 -97.9936039207
181 181 385.100037804
181 182 -94.7210750396
181 261 -98.4048971906
182 102 -89.4636973469
182 181 -94.7210750396
182 182 369.823519204
182 183 -90.5306786704
182 262 -95.1080681472
183 103 -84.7206541425
183 182 -90.5306786704
183 183 353.392917692
183 184 -86.648615981
183 263 -91.4929688978
184 104 -80.6718704804
184 183 -86.648615981
184 184 339.9169353
184 185 -83.8380218523
184 264 -88.7584269859
185 105 -77.723524959
185 184 -83.8380218523
185 185 331.374801793
185 186 -82.2921066021
185 265 -87.5211483794
186 106 -75.765829056
186 185 -82.2921066021
186 186 327.476095384
186 187 -81.6684548741
186 266 -87.749704852
187 107 -74.2734436235
187 186 -81.6684548741
187 187 325.940495612
187 188 -81.1966733259
187 267 -88.8019237887
188 108 -72.4826628406
188 187 -81.1966733259
188 188 323.130814188
188 189 -79.8940714628
188 268 -89.5574065584
189 109 -69.6656318191
189 188 -79.8940714628
189 189 315.233352882
189 190 -76.9344562997
189 269 -88.7391933007
190 110 -65.4517477901
190 189 -76.9344562997
190 190 299.892836986
190 191 -72.0594099929
190 270 -85.4472229035
191 111 -60.0318618806
191 190 -72.0594099929
191 191 277.494817143
191 192 -65.7608409667
191 271 -79.6427043033
192 112 -54.0943640078
192 191 -65.7608409667
192 192 251.147390725
192 193 -59.0650760881
192 272 -72.2271096628
193 113 -48.523241527
193 192 -59.0650760881
193 193 225.271398907
193 194 -53.0742421466
193 273 -64.6088391451
194 114 -44.0793764021
194 193 -53.0742421466
194 194 203.861941746
194 195 -48.6040025282
194 274 -58.1043206695
195 115 -41.2446175766
195 194 -48.6040025282
195 195 189.514582053
195 196 -46.0872759226
195 275 -53.5786860255
196 116 -40.2358044068
196 195 -46.0872759226
196 196 183.394192266
196 197 -45.6527185112
196 276 -51.4183934251
197 117 -41.0703300269
197 196 -45.6527185112
197 197 185.572657937
197 198 -47.200903083
197 277 -51.6487063155
198 118 -43.5693181115
198 197 -47.200903083
198 198 195.121658842
198 199 -50.3646057224
198 278 -53.9868319256
199 119 -47.2551282369
199 198 -50.3646057224
199 199 209.723805398
199 200 -54.3583160913
199 279 -57.7457553476
200 120 -51.2133568669
200 199 -54.3583160913
200 200 225.132450936
200 201 -57.8744819274
200 280 -61.6862960505
201 121 -54.1120308881
201 200 -57.8744819274
201 201 235.381167676
201 202 -59.3059468583
201 281 -64.0887080019
202 122 -54.585254647
202 201 -59.3059468583
202 202 234.630457112
202 203 -57.4268495176
202 282 -63.3124060887
203 123 -51.9020733768
203 202 -57.4268495176
203 203 220.152242471
203 204 -52.1468739288
203 283 -58.6764456479
204 124 -46.4329356662
204 203 -52.1468739288
204 204 194.162863949
204 205 -44.6287886775
204 284 -50.9542656761
205 125 -39.4527379134
205 204 -44.6287886775
205 205 162.601191289
205 206 -36.58877342
205 285 -41.9308912779
206 126 -32.4318888052
206 205 -36.58877342
206 206 131.841586731
206 207 -29.4214502416
206 286 -33.3994742641
207 127 -26.4119696527
207 206 -29.4214502416
207 207 106.084128528
207 208 -23.806769928
207 287 -26.4439387061
208 128 -21.8302649463
208 207 -23.806769928
208 208 86.8372985586
208 209 -19.8317167608
208 288 -21.3685469236
209 129 -18.6876338913
209 208 -19.8317167608
209 209 73.8147744016
209 210 -17.2903355282
209 289 -18.0050882213
210 130 -16.7921707911
210 209 -17.2903355282
210 210 66.0261286862
210 211 -15.9130936661
210 290 -16.0305287008
211 131 -15.923955347
211 210 -15.9130936661
211 211 62.4543774616
211 212 -15.4736947653
211 291 -15.1436336831
212 132 -15.9057519578
212 211 -15.4736947653
212 212 62.3160426015
212 213 -15.8143134082
212 292 -15.1222824702
213 133 -16.6150829315
213 212 -15.8143134082
213 213 65.0856149775
213 214 -16.8355287626
213 293 -15.8206898752
214 134 -17.9726807588
214 213 -16.8355287626
214 214 70.4363132897
214 215 -18.4776887652
214 294 -17.1504150031
215 135 -19.9242672464
215 214 -18.4776887652
215 215 78.1690711046
215 216 -20.7032943113
215 295 -19.0638207817
216 136 -22.4222728079
216 215 -20.7032943113
216 216 88.1458732468
216 217 -23.47870857
216 296 -21.5415975576
217 137 -25.4014907292
217 216 -23.47870857
217 217 100.201656237
217 218 -26.7458310241
217 297 -24.5756259136
218 138 -28.7433406014
218 217 -26.7458310241
218 218 113.995816938
218 219 -30.375686109
218 298 -28.1309592031
219 139 -32.2289743639
219 218 -30.375686109
219 219 128.793892071
219 220 -34.1088785795
219 299 -32.0803530187
220 140 -35.5009119402
220 219 -34.1088785795
220 220 143.245414673
220 221 -37.5137960552
220 300 -36.1218280981
221 141 -38.0762023513
221 220 -37.5137960552
221 221 155.341825698
221 222 -40.020474688
221 301 -39.7313526033
222 142 -39.4525670973
222 221 -40.020474688
222 222 162.778745197
222 223 -41.077591985
222 302 -42.2281114271
223 143 -39.2997292259
223 222 -41.077591985
223 223 163.778506354
223 224 -40.3996586863
223 303 -43.0015264574
224 144 -37.6408194565
224 223 -40.3996586863
224 224 158.014368807
224 225 -38.1557507281
224 304 -41.8181399361
225 145 -34.8919438325
225 224 -38.1557507281
225 225 146.990705366
225 226 -34.9428665998
225 305 -39.0001442055
226 146 -31.7162711765
226 225 -34.9428665998
226 226 133.523620722
226 227 -31.5483993463
226 306 -35.316083599
227 147 -28.7946936108
227 226 -31.5483993463
227 227 120.686129289
227 228 -28.6805231584
227 307 -31.6625131733
228 148 -26.6634956618
228 227 -28.6805231584
228 228 110.960126529
228 229 -26.838083633
228 308 -28.7780240763
229 149 -25.6898272258
229 228 -26.838083633
229 229 106.02479062
229 230 -26.3449430815
229 309 -27.15193668
230 150 -26.147725807
230 229 -26.3449430815
230 230 107.067081194
230 231 -27.4670374574
230 310 -27.1073748479
231 151 -28.3210358786
231 230 -27.4670374574
231 231 115.25747525
231 232 -30.5239507789
231 311 -28.9454511348
232 152 -32.5683609113
232 231 -30.5239507789
232 232 132.081473259
232 233 -35.9342364364
232 312 -33.0549251323
233 153 -39.2978263844
233 232 -35.9342364364
233 233 159.283408367
233 234 -44.1353282251
233 313 -39.916017321
234 154 -48.7920671122
234 233 -44.1353282251
234 234 198.157014742
234 235 -55.3073342128
234 314 -49.9222851914
235 155 -60.8522630094
235 234 -55.3073342128
235 235 248.003297572
235 236 -68.8882553085
235 315 -62.9554450417
236 156 -74.3586979082
236 235 -68.8882553085
236 236 304.141331
236 237 -83.0952564371
236 316 -77.7991213458
237 157 -87.0868136307
237 236 -83.0952564371
237 237 356.973326571
237 238 -94.9751341895
237 317 -91.8161223137
238 158 -96.203403828
238 237 -94.9751341895
238 238 394.161627212
238 239 -101.458321086
238 318 -101.524768108
239 159 -99.5144873968
239 238 -101.458321086
239 239 305.226824202
239 319 -104.254015719
240 160 -29.6810741172
240 240 86.0706571959
240 241 -29.4606526115
240 320 -26.9289304672
241 161 -32.1221818185
241 240 -29.4606526115
241 241 122.823856011
241 242 -32.2357958416
241 321 -29.0052257393
242 162 -35.6098216799
242 241 -32.2357958416
242 242 136.059311348
242 243 -36.0441330046
242 322 -32.1695608224
243 163 -40.0508107162
243 242 -36.0441330046
243 243 153.134904446
243 244 -40.6807483082
243 323 -36.3592124167
244 164 -45.0620290454
244 243 -40.6807483082
244 244 172.57866514
244 245 -45.6284821978
244 324 -41.2074055884
245 165 -49.9725261231
245 244 -45.6284821978
245 245 191.728329555
245 246 -50.1089556298
245 325 -46.0183656046
246 166 -53.9753509662
246 245 -50.1089556298
246 246 207.315037266
246 247 -53.3228575944
246 326 -49.9078730752
247 167 -56.4367784016
247 246 -53.3228575944
247 247 216.714798479
247 248 -54.8114150195
247 327 -52.143747463
248 168 -57.2024460978
248 247 -54.8114150195
248 248 219.232321916
248 249 -54.704760487
248 328 -52.5137003118
249 169 -56.6900299568
249 248 -54.704760487
249 249 216.515272662
249 250 -53.6682451493
249 329 -51.4522370688
250 170 -55.7087821442
250 249 -53.6682451493
250 250 211.824469007
250 251 -52.6123093483
250 330 -49.8351323655
251 171 -55.1644961454
251 250 -52.6123093483
251 251 208.810592513
251 252 -52.4003003586
251 331 -48.6334866609
252 172 -55.8365965451
252 251 -52.4003003586
252 252 210.606252935
252 253 -53.7013971763
252 332 -48.6679588551
253 173 -58.2831084317
253 252 -53.7013971763
253 253 219.481752062
253 254 -56.9624035633
253 333 -50.5348428904
254 174 -62.8056086227
254 253 -56.9624035633
254 254 236.767757386
254 255 -62.3860607773
254 334 -54.6136844224
255 175 -69.3723635426
255 254 -62.3860607773
255 255 262.610262713
255 256 -69.8267861543
255 335 -61.0250522388
256 176 -77.476259918
256 255 -69.8267861543
256 256 295.397234493
256 257 -78.6182103591
256 336 -69.4759780612
257 177 -86.0273860062
257 256 -78.6182103591
257 257 331.200534495
257 258 -87.4904464796
257 337 -79.0644916503
258 178 -93.486408857
258 257 -87.4904464796
258 258 364.062966151
258 259 -94.8131780758
258 338 -88.2729327388
259 179 -98.3644890854
259 258 -94.8131780758
259 259 387.789930478
259 260 -99.2273572683
259 339 -95.3849060483
260 180 -99.8939323613
260 259 -99.2273572683
260 260 398.686442582
260 261 -100.321366998
260 340 -99.2437859545
261 181 -98.4048971906
261 260 -100.321366998
261 261 397.404649742
261 262 -98.8226433153
261 341 -99.8557422373
262 182 -95.1080681472
262 261 -98.8226433153
262 262 388.447358814
262 263 -96.1706997188
262 342 -98.3459476328
263 183 -91.4929688978
263 262 -96.1706997188
263 263 377.873959854
263 264 -93.8484918733
263 343 -96.3617993646
264 184 -88.7584269859
264 263 -93.8484918733
264 264 370.89590976
264 265 -92.8972321247
264 344 -95.3917587763
265 185 -87.5211483794
265 264 -92.8972321247
265 265 370.497827999
265 266 -93.7204855247
265 345 -96.35896197
266 186 -87.749704852
266 265 -93.7204855247
266 266 376.967591899
266 267 -96.0389947782
266 346 -99.4584067444
267 187 -88.8019237887
267 266 -96.0389947782
267 267 387.82487794
267 268 -98.8996023417
267 347 -104.084357031
268 188 -89.5574065584
268 267 -98.8996023417
268 268 398.102404052
268 269 -100.822440476
268 348 -108.822954676
269 189 -88.7391933007
269 268 -100.822440476
269 269 401.535307765
269 270 -100.260364815
269 349 -111.713309173
270 190 -85.4472229035
270 269 -100.260364815
270 270 392.9942229
270 271 -96.3226856952
270 350 -110.963949486
271 191 -79.6427043033
271 270 -96.3226856952
271 271 371.171936045
271 272 -89.3281720196
271 351 -105.878374027
272 192 -72.2271096628
272 271 -89.3281720196
272 272 339.58005414
272 273 -80.6939890954
272 352 -97.3307833623
273 193 -64.6088391451
273 272 -80.6939890954
273 273 304.843044928
273 274 -72.219628915
273 353 -87.3205877724
274 194 -58.1043206695
274 273 -72.219628915
274 274 273.671251207
274 275 -65.3589430226
274 354 -77.9883585998
275 195 -53.5786860255
275 274 -65.3589430226
275 275 250.714900108
275 276 -60.9218620798
275 355 -70.8554089802
276 196 -51.4183934251
276 275 -60.9218620798
276 276 238.128801702
276 277 -59.1528299312
276 356 -66.635716266
277 197 -51.6487063155
277 276 -59.1528299312
277 277 236.082850562
277 278 -59.8853700479
277 357 -65.3959442675
278 198 -53.9868319256
278 277 -59.8853700479
278 278 243.135391605
278 279 -62.5582102001
278 358 -66.7049794312
279 199 -57.7457553476
279 278 -62.5582102001
279 279 255.995963588
279 280 -66.085567634
279 359 -69.6064304064
280 200 -61.6862960505
280 279 -66.085567634
280 280 269.095899084
280 281 -68.796342899
280 360 -72.5276925006
281 201 -64.0887080019
281 280 -68.796342899
281 281 275.137392558
281 282 -68.7930599948
281 361 -73.4592816622
282 202 -63.3124060887
282 281 -68.7930599948
282 282 267.620498571
282 283 -64.8346594243
282 362 -70.6803730629
283 203 -58.6764456479
283 282 -64.8346594243
283 283 244.42592773
283 284 -57.1707855456
283 363 -63.744037112
284 204 -50.9542656761
284 283 -57.1707855456
284 284 209.452754012
284 285 -47.4672727716
284 364 -53.8604300189
285 205 -41.9308912779
285 284 -47.4672727716
285 285 170.374992404
285 286 -37.7949390001
285 365 -43.1818893546
286 206 -33.3994742641
286 285 -37.7949390001
286 286 134.421875277
286 287 -29.6141573525
286 366 -33.6133046607
287 207 -26.4439387061
287 286 -29.6141573525
287 287 105.655995621
287 288 -23.4693607131
287 367 -26.1285388491
288 208 -21.3685469236
288 287 -23.4693607131
288 288 84.9451489627
288 289 -19.2628747165
288 368 -20.8443666096
289 209 -18.0050882213
289 288 -19.2628747165
289 289 71.3454093568
289 290 -16.643074446
289 369 -17.4343719731
290 210 -16.0305287008
290 289 -16.643074446
290 290 63.3987931771
290 291 -15.2499484736
290 370 -15.4752415567
291 211 -15.1436336831
291 290 -15.2499484736
291 291 59.8111308974
291 292 -14.8068899479
291 371 -14.6106587927
292 212 -15.1222824702
292 291 -14.8068899479
292 292 59.6447218949
292 293 -15.1281129792
292 372 -14.5874364975
293 213 -15.8206898752
293 292 -15.1281129792
293 293 62.2866584275
293 294 -16.0984447097
293 373 -15.2394108633
294 214 -17.1504150031
294 293 -16.0984447097
294 294 67.368629185
294 295 -17.6542182656
294 374 -16.4655512065
295 215 -19.0638207817
295 294 -17.6542182656
295 295 74.7095797577
295 296 -19.7723402802
295 375 -18.2192004301
296 216 -21.5415975576
296 295 -19.7723402802
296 296 84.2820928837
296 297 -22.4614337489
296 376 -20.5067212969
297 217 -24.5756259136
297 296 -22.4614337489
297 297 96.1578343883
297 298 -25.7401963763
297 377 -23.3805783495
298 218 -28.1309592031
298 297 -25.7401963763
298 298 110.365658989
298 299 -29.5869514269
298 378 -26.9075519827
299 219 -32.0803530187
299 298 -29.5869514269
299 299 126.616861684
299 300 -33.8547658711
299 379 -31.0947913674
300 220 -36.1218280981
300 299 -33.8547658711
300 300 143.922456569
300 301 -38.1733708562
300 380 -35.7724917437
301 221 -39.7313526033
301 300 -38.1733708562
301 301 160.282275727
301 302 -41.9063402976
301 381 -40.4712119699
302 222 -42.2281114271
302 301 -41.9063402976
302 302 172.792581727
302 303 -44.2639987144
302 382 -44.3941312882
303 223 -43.0015264574
303 302 -44.2639987144
303 303 178.487528759
303 304 -44.6122430163
303 383 -46.6097605708
304 224 -41.8181399361
304 303 -44.6122430163
304 304 175.735392736
304 305 -42.8345706597
304 384 -46.4704391235
305 225 -39.0001442055
305 304 -42.8345706597
305 305 165.31401847
305 306 -39.4656399473
305 385 -44.0136636579
306 226 -35.316083599
306 305 -39.4656399473
306 306 150.247585232
306 307 -35.4591429757
306 386 -40.0067187096
307 227 -31.6625131733
307 306 -35.4591429757
307 307 134.48293099
307 308 -31.7813849808
307 387 -35.5798898605
308 228 -28.7780240763
308 307 -31.7813849808
308 308 121.458875684
308 309 -29.139194812
308 388 -31.7602718147
309 229 -27.15193668
309 308 -29.139194812
309 309 113.491373886
309 310 -27.9625117616
309 389 -29.2377306328
310 230 -27.1073748479
310 309 -27.9625117616
310 310 112.03206215
310 311 -28.5463101609
310 390 -28.4158653796
311 231 -28.9454511348
311 310 -28.5463101609
311 311 118.299991398
311 312 -31.2117054527
311 391 -29.59652465
312 232 -33.0549251323
312 311 -31.2117054527
312 312 133.806551037
312 313 -36.3945210392
312 392 -33.1453994132
313 233 -39.916017321
313 312 -36.3945210392
313 313 160.44223488
313 314 -44.5908057168
313 393 -39.5408908026
314 234 -49.9222851914
314 313 -44.5908057168
314 314 199.807805589
314 315 -56.0707862333
314 394 -49.2239284472
315 235 -62.9554450417
315 314 -56.0707862333
315 315 251.503429291
315 316 -70.3155633569
315 395 -62.1616346592
316 236 -77.7991213458
316 315 -70.3155633569
316 316 310.688627119
316 317 -85.392956588
316 396 -77.1809858279
317 237 -91.8161223137
317 316 -85.392956588
317 317 366.651494222
317 318 -97.9232930487
317 397 -91.5191222716
318 238 -101.524768108
318 317 -97.9232930487
318 318 405.147178784
318 319 -104.324176368
318 398 -101.374941259
319 239 -104.254015719
319 318 -104.324176368
319 319 312.361759319
319 399 -103.783567231
320 240 -26.9289304672
320 320 77.775401046
320 321 -26.547908983
320 400 -24.2985615958
321 241 -29.0052257393
321 320 -26.547908983
321 321 110.507428442
321 322 -28.9515901804
321 401 -26.0027035393
322 242 -32.1695608224
322 321 -28.9515901804
322 322 122.339996555
322 323 -32.4203063654
322 402 -28.798539187
323 243 -36.3592124167
323 322 -32.4203063654
323 323 138.210846048
323 324 -36.7793410663
323 403 -32.6519862001
324 244 -41.2074055884
324 323 -36.7793410663
324 324 156.739470719
324 325 -41.5251323803
324 404 -37.2275916841
325 245 -46.0183656046
325 324 -41.5251323803
325 325 175.229576499
325 326 -45.8487177526
325 405 -41.837360761
326 246 -49.9078730752
326 325 -45.8487177526
326 326 190.185950858
326 327 -48.8734906427
326 406 -45.5558693877
327 247 -52.143747463
327 326 -48.8734906427
327 327 198.650113723
327 328 -50.0599978362
327 407 -47.5728777808
328 248 -52.5137003118
328 327 -50.0599978362
328 328 199.695489318
328 329 -49.5093478833
328 408 -47.6124432871
329 249 -51.4522370688
329 328 -49.5093478833
329 329 194.979235471
329 330 -47.9187134523
329 409 -46.0989370668
330 250 -49.8351323655
330 329 -47.9187134523
330 330 187.945105991
330 331 -46.2509654009
330 410 -43.9402947725
331 251 -48.6334866609
331 330 -46.2509654009
331 331 182.424013255
331 332 -45.4019132475
331 411 -42.1376479454
332 252 -48.6679588551
332 331 -45.4019132475
332 332 181.63757536
332 333 -46.0527342972
332 412 -41.5149689598
333 253 -50.5348428904
333 332 -46.0527342972
333 333 187.927592741
333 334 -48.6776301644
333 413 -42.6623853887
334 254 -54.6136844224
334 333 -48.6776301644
334 334 202.847306289
334 335 -53.5678313722
334 414 -45.9881603296
335 255 -61.0250522388
335 334 -53.5678313722
335 335 227.074634279
335 336 -60.7569398191
335 415 -51.7248108488
336 256 -69.4759780612
336 335 -60.7569398191
336 336 259.855420683
336 337 -69.8242713662
336 416 -59.7982314365
337 257 -79.0644916503
337 336 -69.8242713662
337 337 298.176699341
337 338 -79.7029675459
337 417 -69.584968779
338 258 -88.2729327388
338 337 -79.7029675459
338 338 336.507346728
338 339 -88.7682991265
338 418 -79.7631473172
339 259 -95.3849060483
339 338 -88.7682991265
339 339 368.119739327
339 340 -95.4000869131
339 419 -88.5664472394
340 260 -99.2437859545
340 339 -95.4000869131
340 340 387.948814764
340 341 -98.7880875762
340 420 -94.5168543205
341 261 -99.8557422373
341 340 -98.7880875762
341 341 395.225754087
341 342 -99.3690521796
341 421 -97.2128720941
342 262 -98.3459476328
342 341 -99.3690521796
342 342 393.795339703
342 343 -98.545798846
342 422 -97.5345410448
343 263 -96.3617993646
343 342 -98.545798846
343 343 390.04600991
343 344 -97.9895487764
343 423 -97.1488629233
344 264 -95.3917587763
344 343 -97.9895487764
344 344 390.201738167
344 345 -99.0455533272
344 424 -97.774877287
345 265 -96.35896197
345 344 -99.0455533272
345 345 398.50962939
345 346 -102.434978505
345 425 -100.670135587
346 266 -99.4584067444
346 345 -102.434978505
346 346 416.383253006
346 347 -108.112681328
346 426 -106.377186429
347 267 -104.084357031
347 346 -108.112681328
347 347 441.868335654
347 348 -115.133554332
347 427 -114.537742962
348 268 -108.822954676
348 347 -115.133554332
348 348 469.27751233
348 349 -121.620533636
348 428 -123.700469686
349 269 -111.713309173
349 348 -121.620533636
349 349 489.872239648
349 350 -125.166006639
349 429 -131.3723902
350 270 -110.963949486
350 349 -125.166006639
350 350 494.705345676
350 351 -123.839546944
350 430 -134.735842607
351 271 -105.878374027
351 350 -123.839546944
351 351 479.029603356
351 352 -117.31079771
351 431 -132.000884675
352 272 -97.3307833623
352 351 -117.31079771
352 352 445.293147308
352 353 -107.137523216
352 432 -123.514043019
353 273 -87.3205877724
353 352 -107.137523216
353 353 401.966197645
353 354 -95.8972424825
353 433 -111.610844173
354 274 -77.9883585998
354 353 -95.8972424825
354 354 359.147874957
354 355 -85.9435085932
354 434 -99.3187652811
355 275 -70.8554089802
355 354 -85.9435085932
355 355 324.536764296
355 356 -78.7045425994
355 435 -89.0333041232
356 276 -66.635716266
356 355 -78.7045425994
356 356 301.995490537
356 357 -74.6654616007
356 436 -81.9897700715
357 277 -65.3959442675
357 356 -74.6654616007
357 357 292.07333238
357 358 -73.6144826312
357 437 -78.3974438808
358 278 -66.7049794312
358 357 -73.6144826312
358 358 292.816983208
358 359 -74.7788716781
358 438 -77.7186494671
359 279 -69.6064304064
359 358 -74.7788716781
359 359 299.957971749
359 360 -76.7905908917
359 439 -78.7820787726
360 280 -72.5276925006
360 359 -76.7905908917
360 360 306.861940613
360 361 -77.7292835846
360 440 -79.8143736359
361 281 -73.4592816622
361 360 -77.7292835846
361 361 305.536397481
361 362 -75.6153224463
361 441 -78.7325097876
362 282 -70.6803730629
362 361 -75.6153224463
362 362 289.618710633
362 363 -69.3861790544
362 442 -73.936836069
363 283 -63.744037112
363 362 -69.3861790544
363 363 258.032572624
363 364 -59.6559160608
363 443 -65.2464403966
364 284 -53.8604300189
364 363 -59.6559160608
364 364 216.035600893
364 365 -48.4092340853
364 444 -54.1100207283
365 285 -43.1818893546
365 364 -48.4092340853
365 365 172.140233846
365 366 -37.8080236483
365 445 -42.7410867582
366 286 -33.6133046607
366 365 -37.8080236483
366 366 133.540159802
366 367 -29.1929727329
366 446 -32.9258587604
367 287 -26.1285388491
367 366 -29.1929727329
367 367 103.689720452
367 368 -22.9157150603
367 447 -25.4524938097
368 288 -20.8443666096
368 367 -22.9157150603
368 368 82.7654754911
368 369 -18.7198537557
368 448 -20.2855400655
369 289 -17.4343719731
369 368 -18.7198537557
369 369 69.3219167232
369 370 -16.1571107731
369 449 -17.0105802213
370 290 -15.4752415567
370 369 -16.1571107731
370 370 61.6134920755
370 371 -14.8173308787
370 450 -15.1638088669
371 291 -14.6106587927
371 370 -14.8173308787
371 371 58.1951322856
371 372 -14.3969415189
371 451 -14.3702010953
372 292 -14.5874364975
372 371 -14.3969415189
372 372 58.0373825465
372 373 -14.6908938044
372 452 -14.3621107258
373 293 -15.2394108633
373 372 -14.6908938044
373 373 60.4552081755
373 374 -15.5679842915
373 453 -14.9569192163
374 294 -16.4655512065
374 373 -15.5679842915
374 374 65.0280306435
374 375 -16.9559569083
374 454 -16.0385382372
375 295 -18.2192004301
375 374 -16.9559569083
375 375 71.5729437139
375 376 -18.8409259487
375 455 -17.5568604268
376 296 -20.5067212969
376 375 -18.8409259487
376 376 80.1561368199
376 377 -21.2701306976
376 456 -19.5383588767
377 297 -23.3805783495
377 376 -21.2701306976
377 377 91.0797580886
377 378 -24.3397319709
377 457 -22.0893170705
378 298 -26.9075519827
378 377 -24.3397319709
